1
4
5
12
14
18
20
21
22
27
29
30
31
33
37
45
55
56
59
65
67
70
75
77
78
79
82
83
84
85
86
87
91
92
94
95
96
98
99
101
102
103
104
106
107
110
113
114
115
117
118
119
121
123
124
125
126
127
130
131
134
135
136
137
139
140
141
144
145
146
148
149
150
151
153
154
155
158
160
161
165
167
168
172
175
176
178
179
184
187
188
189
190
194
199
200
203
207
209
213
214
215
219
221
222
225
227
229
230
231
232
234
239
242
244
245
246
247
249
251
256
259
261
263
264
265
266
269
273
274
275
277
284
285
286
287
288
290
294
295
299
300
302
304
305
308
316
318
321
325
326
328
329
330
334
335
340
342
344
346
347
348
351
352
353
357
358
359
361
363
364
365
368
371
372
374
375
377
378
379
380
384
393
395
397
401
402
403
404
408
409
411
414
418
419
423
429
430
433
434
435
436
442
444
446
447
453
456
458
459
460
462
464
465
470
479
481
483
484
485
486
487
488
491
492
494
496
497
498
499
500
