1
4
5
12
14
18
20
22
27
29
30
31
33
37
45
55
56
59
65
67
79
82
84
85
98
101
102
106
107
117
118
119
121
123
125
126
130
134
151
153
167
168
175
176
178
179
188
189
194
199
203
207
209
213
214
215
219
221
222
225
227
230
234
239
242
244
245
246
251
256
261
266
269
273
274
275
277
284
285
286
287
288
305
316
318
321
325
328
330
334
335
340
344
347
348
351
352
353
357
358
359
363
372
374
377
378
379
380
384
393
395
397
402
403
404
408
409
411
414
418
419
430
433
435
436
442
444
447
453
456
458
460
462
464
465
470
479
481
483
484
485
486
488
491
492
494
497
498
499
500
